#    time         norm         surv
  2.750000E+00  1.000381E+00  9.995694E-01
  5.500000E+00  9.993483E-01  9.976546E-01
  8.250000E+00  1.000735E+00  9.988469E-01
  1.100000E+01  9.994038E-01  9.980463E-01
  1.375000E+01  1.000270E+00  9.996702E-01
  1.650000E+01  1.000147E+00  9.998218E-01
  1.925000E+01  9.994871E-01  9.986325E-01
  2.200000E+01  1.000713E+00  9.990052E-01
  2.475000E+01  9.992879E-01  9.973125E-01
  2.750000E+01  1.000555E+00  9.992506E-01
  3.025000E+01  9.996767E-01  9.992738E-01
  3.300000E+01  1.000072E+00  9.997400E-01
  3.575000E+01  1.000173E+00  9.989525E-01
  3.850000E+01  9.995840E-01  9.975283E-01
  4.125000E+01  1.000632E+00  9.987092E-01
  4.400000E+01  9.992638E-01  9.982282E-01
  4.675000E+01  1.000554E+00  1.000196E+00
  4.950000E+01  1.000009E+00  9.995853E-01
  5.225000E+01  9.993752E-01  9.983984E-01
  5.500000E+01  1.000640E+00  9.992256E-01
  5.775000E+01  1.000006E+00  9.987008E-01
  6.050000E+01  9.993985E-01  9.986946E-01
  6.325000E+01  1.000731E+00  1.000480E+00
  6.600000E+01  9.993698E-01  9.986401E-01
  6.875000E+01  1.000587E+00  9.985368E-01
  7.150000E+01  9.993352E-01  9.963844E-01
  7.425000E+01  1.000735E+00  9.983625E-01
  7.700000E+01  9.993422E-01  9.983364E-01
  7.975000E+01  1.000482E+00  1.000046E+00
  8.250000E+01  9.995743E-01  9.987010E-01
  8.525000E+01  1.000604E+00  9.991175E-01
  8.800000E+01  9.992928E-01  9.978236E-01
  9.075000E+01  9.998818E-01  9.988438E-01
  9.350000E+01  1.000646E+00  9.999503E-01
  9.625000E+01  1.000661E+00  1.000120E+00
  9.900000E+01  1.000129E+00  9.994195E-01
  1.017500E+02  9.993665E-01  9.982537E-01
  1.045000E+02  9.997539E-01  9.983764E-01
  1.072500E+02  1.000601E+00  9.996146E-01
  1.100000E+02  9.995136E-01  9.989774E-01
  1.127500E+02  9.997691E-01  9.983642E-01
  1.155000E+02  1.000679E+00  9.973042E-01
  1.182500E+02  1.000507E+00  9.956438E-01
  1.210000E+02  9.996052E-01  9.954109E-01
  1.237500E+02  9.995200E-01  9.972083E-01
  1.265000E+02  1.000649E+00  9.998425E-01
  1.292500E+02  9.997748E-01  9.994369E-01
  1.320000E+02  9.992672E-01  9.988660E-01
  1.347500E+02  9.992645E-01  9.988717E-01
  1.375000E+02  9.993876E-01  9.986763E-01
  1.402500E+02  9.998843E-01  9.987565E-01
  1.430000E+02  1.000230E+00  9.991215E-01
  1.457500E+02  9.999171E-01  9.986160E-01
  1.485000E+02  9.993016E-01  9.971046E-01
  1.512500E+02  1.000634E+00  9.973690E-01
  1.540000E+02  1.000502E+00  9.967528E-01
  1.567500E+02  1.000460E+00  9.968148E-01
  1.595000E+02  1.000719E+00  9.964689E-01
  1.622500E+02  1.000642E+00  9.949552E-01
  1.650000E+02  1.000624E+00  9.948367E-01
  1.677500E+02  1.000536E+00  9.966789E-01
  1.705000E+02  9.994860E-01  9.977069E-01
  1.732500E+02  9.992873E-01  9.980476E-01
  1.760000E+02  9.994100E-01  9.978292E-01
  1.787500E+02  1.000729E+00  9.992156E-01
  1.815000E+02  9.992928E-01  9.976433E-01
  1.842500E+02  1.000616E+00  9.986456E-01
  1.870000E+02  1.000341E+00  9.986128E-01
  1.897500E+02  1.000490E+00  9.988034E-01
  1.925000E+02  9.998096E-01  9.959870E-01
  1.952500E+02  1.000525E+00  9.934209E-01
  1.980000E+02  9.997198E-01  9.909800E-01
  2.007500E+02  9.999758E-01  9.915107E-01
  2.035000E+02  9.999480E-01  9.916239E-01
  2.062500E+02  9.996960E-01  9.912604E-01
  2.090000E+02  1.000364E+00  9.931219E-01
  2.117500E+02  9.993440E-01  9.950522E-01
  2.145000E+02  1.000362E+00  9.975626E-01
  2.172500E+02  9.994331E-01  9.953056E-01
  2.200000E+02  1.000740E+00  9.955709E-01
  2.227500E+02  1.000508E+00  9.958974E-01
  2.255000E+02  1.000087E+00  9.959760E-01
  2.282500E+02  9.992693E-01  9.955420E-01
  2.310000E+02  1.000340E+00  9.976448E-01
  2.337500E+02  9.995571E-01  9.959935E-01
  2.365000E+02  1.000558E+00  9.917128E-01
  2.392500E+02  9.993581E-01  9.842607E-01
  2.420000E+02  1.000460E+00  9.831848E-01
  2.447500E+02  1.000641E+00  9.847104E-01
  2.475000E+02  1.000739E+00  9.864067E-01
  2.502500E+02  9.994678E-01  9.876582E-01
  2.530000E+02  1.000018E+00  9.923444E-01
  2.557500E+02  1.000001E+00  9.954458E-01
  2.585000E+02  1.000661E+00  9.944900E-01
  2.612500E+02  9.997956E-01  9.897308E-01
  2.640000E+02  1.000619E+00  9.887677E-01
  2.667500E+02  9.998777E-01  9.877735E-01
  2.695000E+02  9.992800E-01  9.881218E-01
  2.722500E+02  9.994911E-01  9.914387E-01
  2.750000E+02  9.993919E-01  9.933903E-01
  2.777500E+02  1.000683E+00  9.901463E-01
  2.805000E+02  1.000094E+00  9.805571E-01
  2.832500E+02  1.000422E+00  9.764464E-01
  2.860000E+02  9.992734E-01  9.743487E-01
  2.887500E+02  1.000608E+00  9.726518E-01
  2.915000E+02  1.000618E+00  9.734234E-01
  2.942500E+02  9.999908E-01  9.803596E-01
  2.970000E+02  9.995443E-01  9.876056E-01
  2.997500E+02  9.996579E-01  9.876854E-01
  3.025000E+02  1.000526E+00  9.829747E-01
  3.052500E+02  9.993484E-01  9.796350E-01
  3.080000E+02  9.994712E-01  9.780304E-01
  3.107500E+02  1.000275E+00  9.756117E-01
  3.135000E+02  9.995143E-01  9.771243E-01
  3.162500E+02  9.994501E-01  9.832274E-01
  3.190000E+02  9.999994E-01  9.828750E-01
  3.217500E+02  1.000442E+00  9.705830E-01
  3.245000E+02  1.000360E+00  9.617051E-01
  3.272500E+02  9.993208E-01  9.611621E-01
  3.300000E+02  9.996095E-01  9.544558E-01
  3.327500E+02  1.000530E+00  9.485459E-01
  3.355000E+02  9.994293E-01  9.564379E-01
  3.382500E+02  1.000352E+00  9.713445E-01
  3.410000E+02  1.000045E+00  9.761082E-01
  3.437500E+02  9.994295E-01  9.685142E-01
  3.465000E+02  1.000680E+00  9.654932E-01
  3.492500E+02  1.000647E+00  9.626775E-01
  3.520000E+02  9.993806E-01  9.508011E-01
  3.547500E+02  9.992817E-01  9.478471E-01
  3.575000E+02  1.000549E+00  9.583005E-01
  3.602500E+02  9.998049E-01  9.643545E-01
  3.630000E+02  9.993471E-01  9.525549E-01
  3.657500E+02  9.998403E-01  9.367254E-01
  3.685000E+02  1.000708E+00  9.374885E-01
  3.712500E+02  9.997810E-01  9.275269E-01
  3.740000E+02  9.995437E-01  9.054890E-01
  3.767500E+02  9.993422E-01  9.088438E-01
  3.795000E+02  9.996132E-01  9.282596E-01
  3.822500E+02  9.994694E-01  9.419136E-01
  3.850000E+02  9.997310E-01  9.372640E-01
  3.877500E+02  1.000480E+00  9.292879E-01
  3.905000E+02  9.993417E-01  9.265144E-01
  3.932500E+02  1.000195E+00  9.072701E-01
  3.960000E+02  1.000539E+00  8.894808E-01
  3.987500E+02  1.000690E+00  8.966090E-01
  4.015000E+02  1.000660E+00  9.118694E-01
  4.042500E+02  1.000382E+00  9.085343E-01
  4.070000E+02  9.997137E-01  8.862549E-01
  4.097500E+02  9.995760E-01  8.821181E-01
  4.125000E+02  1.000386E+00  8.739073E-01
  4.152500E+02  9.995443E-01  8.295652E-01
  4.180000E+02  1.000301E+00  8.233758E-01
  4.207500E+02  1.000649E+00  8.511328E-01
  4.235000E+02  9.994739E-01  8.717720E-01
  4.262500E+02  1.000277E+00  8.764889E-01
  4.290000E+02  9.997301E-01  8.635530E-01
  4.317500E+02  9.995361E-01  8.535915E-01
  4.345000E+02  9.996036E-01  8.203046E-01
  4.372500E+02  1.000265E+00  7.953689E-01
  4.400000E+02  9.994041E-01  8.104587E-01
  4.427500E+02  9.996401E-01  8.316134E-01
  4.455000E+02  1.000275E+00  8.404989E-01
  4.482500E+02  1.000275E+00  8.249753E-01
  4.510000E+02  9.994767E-01  8.032775E-01
  4.537500E+02  1.000568E+00  7.778406E-01
  4.565000E+02  1.000351E+00  7.385894E-01
  4.592500E+02  1.000070E+00  7.433602E-01
  4.620000E+02  9.998306E-01  7.769172E-01
  4.647500E+02  1.000567E+00  7.968233E-01
  4.675000E+02  1.000540E+00  8.097645E-01
  4.702500E+02  9.998374E-01  7.969359E-01
  4.730000E+02  1.000069E+00  7.754810E-01
  4.757500E+02  1.000283E+00  7.518859E-01
  4.785000E+02  9.997227E-01  7.477907E-01
  4.812500E+02  9.996527E-01  7.745775E-01
  4.840000E+02  1.000335E+00  7.922907E-01
  4.867500E+02  9.996232E-01  8.010793E-01
  4.895000E+02  1.000578E+00  7.968592E-01
  4.922500E+02  1.000511E+00  7.668513E-01
  4.950000E+02  1.000181E+00  7.301684E-01
  4.977500E+02  9.996229E-01  7.215073E-01
  5.005000E+02  1.000226E+00  7.413161E-01
  5.032500E+02  1.000381E+00  7.531546E-01
  5.060000E+02  1.000535E+00  7.425076E-01
  5.087500E+02  9.994971E-01  7.513443E-01
  5.115000E+02  9.995636E-01  7.482292E-01
  5.142500E+02  1.000537E+00  7.155998E-01
  5.170000E+02  1.000492E+00  6.962413E-01
  5.197500E+02  9.995027E-01  7.032202E-01
  5.225000E+02  9.999331E-01  6.970191E-01
  5.252500E+02  9.995824E-01  6.771962E-01
  5.280000E+02  9.996922E-01  6.777808E-01
  5.307500E+02  9.999822E-01  6.829397E-01
  5.335000E+02  9.995134E-01  6.552606E-01
  5.362500E+02  9.996089E-01  6.185116E-01
  5.390000E+02  9.995499E-01  6.253358E-01
  5.417500E+02  1.000527E+00  6.211965E-01
  5.445000E+02  9.994903E-01  6.017300E-01
  5.472500E+02  1.000105E+00  6.041160E-01
  5.500000E+02  9.996426E-01  6.187863E-01
  5.527500E+02  9.997623E-01  6.277628E-01
  5.555000E+02  9.997146E-01  6.106538E-01
  5.582500E+02  1.000327E+00  5.940516E-01
  5.610000E+02  9.996928E-01  5.908552E-01
  5.637500E+02  9.995611E-01  5.861974E-01
  5.665000E+02  1.000230E+00  5.835950E-01
  5.692500E+02  1.000081E+00  5.832149E-01
  5.720000E+02  1.000360E+00  5.900711E-01
  5.747500E+02  9.997264E-01  5.811673E-01
  5.775000E+02  1.000285E+00  5.490010E-01
  5.802500E+02  9.995574E-01  5.272454E-01
  5.830000E+02  1.000467E+00  5.367848E-01
  5.857500E+02  1.000092E+00  5.362987E-01
  5.885000E+02  1.000413E+00  5.292479E-01
  5.912500E+02  1.000380E+00  5.265101E-01
  5.940000E+02  9.996116E-01  5.338928E-01
  5.967500E+02  9.999057E-01  5.285039E-01
  5.995000E+02  9.997550E-01  5.049674E-01
  6.022500E+02  1.000105E+00  5.021356E-01
  6.050000E+02  9.997433E-01  5.048971E-01
  6.077500E+02  9.995785E-01  4.931111E-01
  6.105000E+02  9.997475E-01  4.886798E-01
  6.132500E+02  9.996242E-01  4.932911E-01
  6.160000E+02  9.999530E-01  4.942877E-01
  6.187500E+02  1.000161E+00  4.759315E-01
  6.215000E+02  1.000351E+00  4.569099E-01
  6.242500E+02  1.000255E+00  4.491970E-01
  6.270000E+02  1.000187E+00  4.359657E-01
  6.297500E+02  9.998359E-01  4.383286E-01
  6.325000E+02  1.000355E+00  4.515342E-01
  6.352500E+02  1.000121E+00  4.496516E-01
  6.380000E+02  9.999029E-01  4.526713E-01
  6.407500E+02  9.996881E-01  4.383022E-01
  6.435000E+02  1.000191E+00  4.125154E-01
  6.462500E+02  9.998853E-01  3.935084E-01
  6.490000E+02  9.998110E-01  4.008220E-01
  6.517500E+02  1.000275E+00  4.209843E-01
  6.545000E+02  9.997172E-01  4.214716E-01
  6.572500E+02  9.997343E-01  4.210031E-01
  6.600000E+02  9.998618E-01  4.132105E-01
  6.627500E+02  9.999738E-01  3.867516E-01
  6.655000E+02  9.997562E-01  3.519804E-01
  6.682500E+02  1.000266E+00  3.503828E-01
  6.710000E+02  9.997124E-01  3.842922E-01
  6.737500E+02  9.997788E-01  4.115543E-01
  6.765000E+02  1.000080E+00  4.108018E-01
  6.792500E+02  9.996649E-01  4.116180E-01
  6.820000E+02  1.000231E+00  4.084371E-01
  6.847500E+02  1.000284E+00  3.867467E-01
  6.875000E+02  1.000415E+00  3.636271E-01
  6.902500E+02  9.998302E-01  3.747282E-01
  6.930000E+02  9.998965E-01  4.085043E-01
  6.957500E+02  1.000130E+00  4.276610E-01
  6.985000E+02  9.997760E-01  4.314483E-01
  7.012500E+02  9.997336E-01  4.299287E-01
  7.040000E+02  1.000263E+00  4.241832E-01
  7.067500E+02  1.000202E+00  3.958652E-01
  7.095000E+02  1.000204E+00  3.647632E-01
  7.122500E+02  9.996588E-01  3.756769E-01
  7.150000E+02  9.997682E-01  4.132196E-01
  7.177500E+02  1.000136E+00  4.466366E-01
  7.205000E+02  9.999496E-01  4.531926E-01
  7.232500E+02  1.000357E+00  4.547136E-01
  7.260000E+02  1.000150E+00  4.498421E-01
  7.287500E+02  9.998929E-01  4.250898E-01
  7.315000E+02  1.000310E+00  3.928059E-01
  7.342500E+02  9.998227E-01  3.973982E-01
  7.370000E+02  9.998588E-01  4.282426E-01
  7.397500E+02  9.998381E-01  4.495666E-01
  7.425000E+02  1.000337E+00  4.559491E-01
  7.452500E+02  1.000310E+00  4.535083E-01
  7.480000E+02  9.997833E-01  4.468993E-01
  7.507500E+02  9.999938E-01  4.232436E-01
  7.535000E+02  9.999382E-01  3.825140E-01
  7.562500E+02  9.999452E-01  3.911916E-01
  7.590000E+02  1.000154E+00  4.138371E-01
  7.617500E+02  9.996811E-01  4.361675E-01
  7.645000E+02  9.997009E-01  4.444185E-01
  7.672500E+02  1.000321E+00  4.423734E-01
  7.700000E+02  1.000179E+00  4.395566E-01
  7.727500E+02  9.996498E-01  4.237053E-01
  7.755000E+02  9.997679E-01  3.968257E-01
  7.782500E+02  9.996839E-01  3.994854E-01
  7.810000E+02  9.999131E-01  4.132424E-01
  7.837500E+02  1.000084E+00  4.226200E-01
  7.865000E+02  9.996715E-01  4.208035E-01
  7.892500E+02  1.000262E+00  4.126180E-01
  7.920000E+02  1.000161E+00  4.128053E-01
  7.947500E+02  9.999156E-01  4.021597E-01
  7.975000E+02  1.000368E+00  3.692931E-01
  8.002500E+02  9.997939E-01  3.783174E-01
  8.030000E+02  1.000279E+00  3.845278E-01
  8.057500E+02  9.997955E-01  3.933905E-01
  8.085000E+02  9.997883E-01  3.951138E-01
  8.112500E+02  9.996872E-01  3.900222E-01
  8.140000E+02  9.997180E-01  3.923474E-01
  8.167500E+02  1.000344E+00  3.862545E-01
  8.195000E+02  9.999263E-01  3.713120E-01
  8.222500E+02  1.000284E+00  3.690071E-01
  8.250000E+02  1.000034E+00  3.730950E-01
  8.277500E+02  9.998080E-01  3.747439E-01
  8.305000E+02  9.997934E-01  3.641300E-01
  8.332500E+02  9.997734E-01  3.594857E-01
  8.360000E+02  9.997376E-01  3.657780E-01
  8.387500E+02  9.997496E-01  3.653825E-01
  8.415000E+02  1.000048E+00  3.632272E-01
  8.442500E+02  9.998152E-01  3.707088E-01
  8.470000E+02  1.000185E+00  3.705782E-01
  8.497500E+02  1.000177E+00  3.710639E-01
  8.525000E+02  9.997022E-01  3.683811E-01
  8.552500E+02  1.000122E+00  3.611788E-01
  8.580000E+02  1.000292E+00  3.517209E-01
  8.607500E+02  1.000223E+00  3.428483E-01
  8.635000E+02  1.000183E+00  3.512665E-01
  8.662500E+02  9.998615E-01  3.664364E-01
  8.690000E+02  1.000124E+00  3.722122E-01
  8.717500E+02  9.998836E-01  3.718656E-01
  8.745000E+02  1.000053E+00  3.750822E-01
  8.772500E+02  1.000298E+00  3.787533E-01
  8.800000E+02  9.997923E-01  3.635535E-01
  8.827500E+02  9.998331E-01  3.307916E-01
  8.855000E+02  1.000266E+00  3.229233E-01
  8.882500E+02  1.000169E+00  3.406112E-01
  8.910000E+02  1.000004E+00  3.522642E-01
  8.937500E+02  1.000224E+00  3.537581E-01
  8.965000E+02  1.000044E+00  3.583560E-01
  8.992500E+02  1.000253E+00  3.717342E-01
  9.020000E+02  1.000137E+00  3.757162E-01
  9.047500E+02  9.997570E-01  3.639037E-01
  9.075000E+02  1.000246E+00  3.529175E-01
  9.102500E+02  9.996610E-01  3.517705E-01
  9.130000E+02  9.998027E-01  3.500151E-01
  9.157500E+02  9.998191E-01  3.432069E-01
  9.185000E+02  1.000340E+00  3.327085E-01
  9.212500E+02  1.000181E+00  3.502641E-01
  9.240000E+02  9.998657E-01  3.632051E-01
  9.267500E+02  9.997745E-01  3.654981E-01
  9.295000E+02  9.998529E-01  3.615017E-01
  9.322500E+02  9.998095E-01  3.549677E-01
  9.350000E+02  1.000141E+00  3.574754E-01
  9.377500E+02  1.000291E+00  3.534156E-01
  9.405000E+02  1.000115E+00  3.480076E-01
  9.432500E+02  1.000252E+00  3.469870E-01
  9.460000E+02  1.000138E+00  3.534015E-01
  9.487500E+02  9.999877E-01  3.596138E-01
  9.515000E+02  1.000249E+00  3.619409E-01
  9.542500E+02  1.000117E+00  3.613021E-01
  9.570000E+02  9.997227E-01  3.618630E-01
  9.597500E+02  9.997741E-01  3.618150E-01
  9.625000E+02  1.000159E+00  3.569632E-01
  9.652500E+02  1.000167E+00  3.480263E-01
  9.680000E+02  9.998754E-01  3.531500E-01
  9.707500E+02  9.998891E-01  3.584461E-01
  9.735000E+02  9.996771E-01  3.554950E-01
  9.762500E+02  1.000017E+00  3.565407E-01
  9.790000E+02  9.997706E-01  3.584036E-01
  9.817500E+02  1.000212E+00  3.579387E-01
  9.845000E+02  9.997131E-01  3.562981E-01
  9.872500E+02  1.000017E+00  3.551083E-01
  9.900000E+02  1.000230E+00  3.573898E-01
  9.927500E+02  9.997815E-01  3.589202E-01
  9.955000E+02  9.999335E-01  3.594689E-01
  9.982500E+02  9.996546E-01  3.633989E-01
  1.001000E+03  9.999780E-01  3.628125E-01
  1.003750E+03  9.998704E-01  3.598032E-01
  1.006500E+03  9.999844E-01  3.608897E-01
  1.009250E+03  1.000225E+00  3.581226E-01
  1.012000E+03  9.997351E-01  3.521055E-01
  1.014750E+03  9.998074E-01  3.475253E-01
  1.017500E+03  9.998271E-01  3.560210E-01
  1.020250E+03  1.000036E+00  3.592244E-01
  1.023000E+03  1.000196E+00  3.572216E-01
  1.025750E+03  9.998943E-01  3.598358E-01
  1.028500E+03  1.000003E+00  3.616441E-01
  1.031250E+03  1.000173E+00  3.637289E-01
  1.034000E+03  9.997935E-01  3.613461E-01
  1.036750E+03  9.998061E-01  3.618450E-01
  1.039500E+03  9.999630E-01  3.613193E-01
  1.042250E+03  1.000001E+00  3.584391E-01
  1.045000E+03  1.000208E+00  3.556280E-01
  1.047750E+03  1.000218E+00  3.505472E-01
  1.050500E+03  1.000215E+00  3.524552E-01
  1.053250E+03  1.000249E+00  3.599114E-01
  1.056000E+03  1.000211E+00  3.641515E-01
  1.058750E+03  9.998462E-01  3.635083E-01
  1.061500E+03  1.000279E+00  3.596558E-01
  1.064250E+03  9.997302E-01  3.606056E-01
  1.067000E+03  9.996863E-01  3.590907E-01
  1.069750E+03  9.997351E-01  3.581895E-01
  1.072500E+03  9.997545E-01  3.587446E-01
  1.075250E+03  9.997208E-01  3.569097E-01
  1.078000E+03  9.996954E-01  3.578706E-01
  1.080750E+03  1.000020E+00  3.567656E-01
  1.083500E+03  1.000264E+00  3.579666E-01
  1.086250E+03  9.999429E-01  3.607728E-01
  1.089000E+03  9.999128E-01  3.630480E-01
  1.091750E+03  1.000263E+00  3.637498E-01
  1.094500E+03  1.000043E+00  3.572113E-01
  1.097250E+03  9.997943E-01  3.560663E-01
  1.100000E+03  1.000138E+00  3.572823E-01
  1.102750E+03  9.997901E-01  3.579957E-01
  1.105500E+03  1.000248E+00  3.605438E-01
  1.108250E+03  9.998795E-01  3.613918E-01
  1.111000E+03  9.998115E-01  3.590679E-01
  1.113750E+03  1.000055E+00  3.589081E-01
  1.116500E+03  1.000342E+00  3.591754E-01
  1.119250E+03  1.000116E+00  3.610688E-01
  1.122000E+03  9.997810E-01  3.604411E-01
  1.124750E+03  1.000245E+00  3.590037E-01
  1.127500E+03  9.999189E-01  3.606602E-01
  1.130250E+03  1.000052E+00  3.567185E-01
  1.133000E+03  9.998599E-01  3.570450E-01
  1.135750E+03  1.000304E+00  3.611675E-01
  1.138500E+03  9.997899E-01  3.610717E-01
  1.141250E+03  1.000381E+00  3.620466E-01
  1.144000E+03  9.998952E-01  3.581309E-01
  1.146750E+03  1.000083E+00  3.578441E-01
  1.149500E+03  1.000040E+00  3.597344E-01
  1.152250E+03  9.998033E-01  3.586109E-01
  1.155000E+03  1.000290E+00  3.621822E-01
  1.157750E+03  9.999794E-01  3.585051E-01
  1.160500E+03  9.996883E-01  3.583198E-01
  1.163250E+03  1.000200E+00  3.588052E-01
  1.166000E+03  9.997283E-01  3.577434E-01
  1.168750E+03  1.000127E+00  3.603537E-01
  1.171500E+03  9.998725E-01  3.606253E-01
  1.174250E+03  9.998393E-01  3.608671E-01
  1.177000E+03  1.000240E+00  3.570659E-01
  1.179750E+03  9.997648E-01  3.579245E-01
  1.182500E+03  1.000261E+00  3.601914E-01
  1.185250E+03  9.996999E-01  3.601300E-01
  1.188000E+03  1.000017E+00  3.610671E-01
  1.190750E+03  9.999418E-01  3.583761E-01
  1.193500E+03  9.998168E-01  3.592617E-01
  1.196250E+03  1.000195E+00  3.582612E-01
  1.199000E+03  9.996917E-01  3.584158E-01
